T= 95
0.003	
0.15	
0.6	
0.8	
0.7	
0.6
0.9	
0.7
0.9	
0.7
0.9	
0.7	
0.8	
0.5	
0.6	
0.03	
0.02	
0.001	
-0.4	
-0.5	
-0.6	
-0.8	
-0.8	
-0.75	
-0.9	
-0.7	
-0.9	
-0.04	
-0.01	
0.004	
0.0005	
0.0001	
0.0001	
0.00015	
0.00025	
0.00015	
0.0005	
0.0001	
0.0006	
0.0001	
0.0001	
0.0001	
0.0005	
0.0006	
0.001	
0.04	
0.01	
0.35	
0.4
0.5
0.6
0.5
0.6
0.6
0.7
0.9
0.6
0.5
0.7
0.6
0.8
0.9
0.03	
0.02	
0.001	
-0.4	
-0.5	
-0.6	
-0.8	
-0.8	
-0.75	
-0.9	
-0.7	
-0.9	
-0.04	
-0.01	
0.004	
0.0005	
0.0001	
0.0001	
0.00015	
0.00025	
0.00015	
0.0005	
0.0001	
0.0006	
0.0001	
0.0001	
0.0001	
0.0005	
0.0006	
0.001	
0.04	
0.01	
0.35	
